ReAvg,ImAvg,Sum,Sum-ReAvg
1.52713,-0.000579327,1.40172,-0.125411
1.53285,-0.00444306,1.59989,0.0670435
1.53091,-0.00448723,1.48374,-0.0471732
1.54649,-0.00492626,1.48839,-0.0581031
1.54229,0.00504271,1.5483,0.00601225
1.54359,-0.00264105,1.43901,-0.104588
1.53571,0.00823909,1.31152,-0.224188
1.54231,-0.00443944,1.3698,-0.172514
1.54671,-0.00328442,1.63929,0.0925725
1.54104,-0.00353027,1.44816,-0.0928839
1.52841,-0.0023335,1.5713,0.042884
1.53549,-0.00628228,1.37136,-0.164137
1.52513,0.00946475,1.49767,-0.0274603
1.54353,-0.00255112,1.40061,-0.142917
1.52801,0.000109543,1.56921,0.0411912
1.53418,-0.00173221,1.37165,-0.162529
1.53523,-0.00123163,1.44785,-0.0873739
1.53763,0.00841494,1.53146,-0.00617479
1.539,0.00297173,1.34022,-0.198778
1.51982,-0.00292941,1.56114,0.0413164
1.54686,0.00637858,1.4822,-0.0646639
1.5449,0.00579789,1.36609,-0.178808
1.53995,0.00570686,1.46007,-0.0798828
1.5281,-0.00567907,1.4966,-0.0315017
1.53784,-0.016007,1.43445,-0.103387
1.53197,-0.00159097,1.45568,-0.0762884
1.53368,0.00152782,1.33146,-0.202213
1.52496,-0.00416421,1.48186,-0.0430982
1.54038,-0.00294279,1.42771,-0.112666
1.53317,-0.00299887,1.49799,-0.0351784
1.52876,-0.00119879,1.49462,-0.0341347
1.53277,-0.0051744,1.60131,0.0685402
1.52177,0.00150161,1.62214,0.100373
1.53731,-0.000626128,1.55142,0.0141068
1.53309,-0.00368781,1.49258,-0.0405076
1.54018,-0.00167065,1.45025,-0.0899319
1.52995,-0.00107241,1.35074,-0.179208
1.54046,-0.00640363,1.57375,0.0332834
1.52672,0.00146466,1.55062,0.0239024
1.53371,0.00656661,1.48635,-0.0473554
1.54013,-0.00199558,1.5164,-0.0237297
1.53924,0.00268835,1.64113,0.101887
1.5413,0.00724044,1.45723,-0.0840722
1.53461,0.00547019,1.51975,-0.0148649
1.53946,0.00443017,1.37066,-0.1688
1.53929,-0.0011715,1.45025,-0.0890385
1.53556,0.00240051,1.50444,-0.0311256
1.52273,0.00164074,1.49088,-0.0318468
1.53891,0.00649595,1.4727,-0.0662172
1.53915,-0.00425445,1.55291,0.0137516
1.53462,0.0103769,1.4684,-0.0662231
1.5389,0.0133332,1.38415,-0.154747
1.531,0.00904399,1.56307,0.0320724
1.53405,0.000693588,1.52684,-0.00720336
1.53832,-0.0012963,1.48084,-0.0574733
1.52961,-0.00252478,1.57356,0.0439511
1.53389,-0.00299815,1.46767,-0.0662266
1.53989,0.00426938,1.42146,-0.118432
1.53157,0.00375245,1.44206,-0.0895081
1.53599,-0.00133651,1.59365,0.0576614
1.52439,0.0066567,1.47405,-0.050336
1.53034,0.000573579,1.44638,-0.0839605
1.54045,-0.00657315,1.44222,-0.0982215
1.54145,0.00106852,1.5436,0.00215364
1.53437,0.00309538,1.42674,-0.107631
1.52677,0.00788293,1.52716,0.000392542
1.53828,-0.00202326,1.51749,-0.0207883
1.54677,-0.00428242,1.4608,-0.0859705
1.52108,0.00208946,1.48589,-0.0351833
1.52901,0.00446966,1.56268,0.0336726
1.5251,0.000765521,1.48359,-0.0415113
1.53644,0.00780079,1.51753,-0.0189037
1.52656,-0.00400223,1.43556,-0.0910014
1.53373,0.00134041,1.41027,-0.123464
1.53888,-0.004612,1.53768,-0.00119789
1.53152,-0.00608746,1.45256,-0.0789604
1.53441,0.00165695,1.55966,0.0252536
1.5257,0.00479007,1.40284,-0.122861
1.53901,-0.00856476,1.5871,0.0480879
1.52683,-0.00247255,1.56199,0.0351569
1.53841,-0.00234822,1.50489,-0.0335189
1.53238,0.00255319,1.53444,0.00205432
1.52687,0.00652007,1.49519,-0.031685
1.53858,0.00622938,1.30826,-0.230326
1.53259,0.00373348,1.5536,0.02101
1.53572,-0.00231494,1.48917,-0.0465438
1.53513,-0.00475631,1.39459,-0.140538
1.54658,-0.00401239,1.47767,-0.0689045
1.53044,0.00997082,1.35572,-0.174717
1.53423,0.000543069,1.35072,-0.183507
1.53474,-0.004489,1.54591,0.011165
1.5344,0.00329394,1.39704,-0.137357
1.5394,0.00285875,1.44868,-0.0907282
1.53294,0.000936243,1.49094,-0.042006
1.53633,0.000188088,1.51669,-0.0196314
1.54122,-0.000124579,1.60337,0.0621525
1.53259,0.0130067,1.53323,0.000637699
1.52771,0.00758357,1.60954,0.0818337
1.53604,-0.00594377,1.56064,0.024609
1.52205,-0.00704572,1.52179,-0.000261104
1.53977,-0.00119006,1.3943,-0.145473
1.53943,0.0134396,1.49371,-0.0457229
1.54103,0.00842455,1.35028,-0.190749
1.53025,0.00297246,1.49304,-0.037207
1.53897,0.00193086,1.51039,-0.0285805
1.52153,0.000181963,1.5841,0.0625668
1.53386,-1.18563e-05,1.55294,0.0190805
1.52695,-0.00261813,1.52606,-0.000886998
1.52585,-0.00963786,1.62417,0.0983184
1.55167,-0.00446325,1.43003,-0.121639
1.53787,0.00654086,1.44593,-0.0919473
1.53361,0.00947938,1.53169,-0.00192046
1.5289,-0.0104129,1.56661,0.0377107
1.5315,-0.00465631,1.43737,-0.0941383
1.53518,0.00712978,1.47036,-0.0648161
1.53912,-0.00388673,1.55007,0.0109513
1.53097,-0.00417129,1.48834,-0.0426251
1.52996,-0.00337121,1.60192,0.0719603
1.52404,-0.00601562,1.36654,-0.157493
1.54109,-0.00607535,1.47603,-0.0650531
1.54152,0.0114128,1.53966,-0.00185884
1.53605,0.00252268,1.5047,-0.0313506
1.54043,-0.00734727,1.51853,-0.0218993
1.52524,-0.00171734,1.55816,0.0329226
1.53512,0.000966186,1.37279,-0.162333
1.53882,-0.00743522,1.51108,-0.0277382
1.52724,-0.00360553,1.42963,-0.0976115
1.53925,-0.00100959,1.49379,-0.045456
1.52181,0.00530517,1.51729,-0.00451996
1.54068,0.00486661,1.42264,-0.118047
1.52047,0.0015499,1.51418,-0.00628838
1.53697,-0.00224712,1.45528,-0.0816919
1.52593,0.00507325,1.51563,-0.0102959
1.54959,0.000243415,1.39679,-0.152799
1.53643,-0.00418764,1.49343,-0.0430016
1.53487,-0.00252533,1.58136,0.0464898
1.53586,0.000114328,1.51157,-0.0242988
1.5427,-0.00193882,1.46243,-0.080263
1.52406,-0.000215431,1.50188,-0.0221776
1.5369,0.00510703,1.48373,-0.0531669
1.54158,0.00915554,1.44968,-0.0919003
1.53814,0.00304805,1.48987,-0.0482709
1.53342,0.00856443,1.55692,0.0235043
1.54417,-0.00350796,1.49669,-0.0474719
1.54515,-0.0015986,1.50647,-0.0386835
1.53945,-0.00520321,1.45278,-0.0866692
1.53483,0.00445467,1.53095,-0.00388735
1.52444,0.00070768,1.63023,0.105788
1.53649,-0.00161686,1.47065,-0.0658318
1.52691,-0.00258452,1.45263,-0.0742811
1.53715,-0.00174696,1.52312,-0.0140327
1.52373,0.0028171,1.46836,-0.055374
1.5246,0.00729723,1.49851,-0.0260968
1.52133,0.00270725,1.45141,-0.0699164
1.53878,0.0062376,1.46884,-0.0699376
1.53733,0.00181584,1.32654,-0.210788
1.53493,-0.00144892,1.53567,0.00073636
1.53179,-0.00318016,1.41498,-0.116806
1.52609,-0.00937122,1.53864,0.0125477
1.53831,0.00342406,1.34945,-0.18886
1.54523,-0.00800104,1.48387,-0.0613565
1.5171,0.000707566,1.42552,-0.0915773
1.53589,0.00082462,1.56704,0.0311508
1.54342,-0.00616267,1.3464,-0.197023
1.52158,0.00776552,1.51697,-0.00461162
1.5363,-0.00160773,1.45615,-0.0801519
1.53315,0.00397595,1.44198,-0.0911739
1.54024,0.00527401,1.55673,0.0164853
1.53691,0.00415136,1.34374,-0.193165
1.53514,-0.00285223,1.40504,-0.1301
1.53722,2.32434e-05,1.47131,-0.0659067
1.53233,-0.00349688,1.4338,-0.0985317
1.54229,0.00094867,1.50435,-0.0379429
1.52354,-0.00143246,1.56906,0.0455242
1.53532,0.00250109,1.61625,0.0809374
1.53106,0.00507932,1.43685,-0.0942151
1.53779,0.00166253,1.48009,-0.0576969
1.53097,-0.00849899,1.46687,-0.0641005
1.52315,0.000934063,1.44192,-0.0812296
1.53571,0.00338833,1.47302,-0.0626995
1.54062,0.0158391,1.33842,-0.202198
1.53896,3.30925e-05,1.45475,-0.0842113
1.53411,-0.00483817,1.50296,-0.0311504
1.53282,0.010743,1.49363,-0.0391925
1.53382,0.00532379,1.52019,-0.0136237
1.53944,-0.00118723,1.44215,-0.0972894
1.52874,0.00928129,1.40193,-0.126815
1.52585,-0.00864368,1.57156,0.0457075
1.54425,0.000831912,1.46535,-0.0789059
1.54561,-0.000901078,1.52069,-0.024921
1.53794,-0.0014701,1.54266,0.00471839
1.54158,0.00412742,1.42055,-0.12103
1.54296,0.00308507,1.45696,-0.0860053
1.53673,-0.00196605,1.33475,-0.20199
1.5176,0.00609941,1.47684,-0.0407643
1.53889,0.000621334,1.38368,-0.155215
1.52741,-0.00786682,1.56343,0.036021
1.53376,0.000884353,1.49301,-0.0407504
1.53204,0.00515348,1.51943,-0.0126146
1.53014,0.00805524,1.46102,-0.069123
1.54788,-0.00788791,1.48272,-0.0651608
1.54559,-0.00529775,1.44282,-0.102761
1.51989,-0.00238319,1.53567,0.0157876
1.54263,-0.00290955,1.35354,-0.189092
1.52805,0.00198858,1.3925,-0.135551
1.53217,0.00213437,1.59887,0.0666947
1.54307,-0.00128799,1.5066,-0.0364668
1.5225,0.00236706,1.46346,-0.0590397
1.52211,0.00944322,1.46692,-0.0551883
1.53123,0.000260641,1.62755,0.0963218
1.54621,-0.000538358,1.47873,-0.0674781
1.54233,-0.00490241,1.4576,-0.0847329
1.54069,8.68792e-05,1.38123,-0.159456
1.53355,0.00754835,1.35607,-0.177477
1.53577,0.00152908,1.48367,-0.0520993
1.53882,-0.0029414,1.40381,-0.135012
1.52608,-0.00472652,1.62344,0.097365
1.53355,0.00562769,1.57706,0.0435061
1.52778,-0.000383321,1.65765,0.129875
1.53633,0.00301811,1.56391,0.0275742
1.52393,0.00780667,1.52663,0.00270532
1.53105,-0.00203764,1.5291,-0.00195254
1.5242,-0.0049706,1.5836,0.0593928
1.52572,-0.00286415,1.47329,-0.0524316
1.53948,-0.00167526,1.39588,-0.143598
1.52765,-0.00185956,1.46514,-0.0625005
1.53543,0.00452662,1.52075,-0.0146849
1.52793,0.00676153,1.4632,-0.0647298
1.53287,-0.00177469,1.47165,-0.0612221
1.53434,-0.00278499,1.42422,-0.110123
1.5326,0.00336067,1.53076,-0.00183944
1.53475,0.000512812,1.48364,-0.0511087
1.52669,-0.00846478,1.52038,-0.00630938
1.53585,0.00210403,1.56144,0.0255838
1.5428,0.00419326,1.52761,-0.0151906
1.53631,-0.00450205,1.43396,-0.102349
1.52437,0.00501573,1.33422,-0.190153
1.53726,-0.00534069,1.52554,-0.0117151
1.54306,0.00829487,1.46931,-0.0737516
